-0.20374387733571397
0.06966861373061106
0.3360818608692875
-0.26017966851916785
-0.2003300458616316
-0.2602332056236415
-0.20373966722896997
0.0701149992265071
0.33608185560786485
-0.2022618255451828
-0.11601427959707789
-0.02445387083353734
0.157644066855522
0.24528450558728976
0.32991528523716573
-0.20226906492867358
-0.11585046224226003
-0.024136637718841225
0.15802431397961203
0.24556184173299012
0.3300568099027672
-0.1145482120469753
-0.020604863246290406
0.07525667356707666
0.16450223950492782
0.25232267206397374
-0.11439691088529169
-0.0203260556196041
0.07563777744824973
0.1647887121911329
0.2524803740490895
-0.20436860480565622
-0.20436870740767643
-0.2636935954013835
-0.2604484628382919
-0.2637171141510223
